
n = 288; % the number of jobs
m = 48; % the number of cores

% cpi values of each job
cpi = [2.325282,2.696614,2.334887,2.619678,1.392190,0.631348,2.144573,2.097855,2.015603,1.409936,1.980324,2.351709,2.146809,5.512685,0.508952,0.535891,0.500000,2.795663,3.221070,2.768875,0.692256,1.461671,0.850599,3.005530,2.238922,1.878706,1.230399,2.624082,1.537860,2.490031,2.488126,1.341521,1.207661,2.560045,2.630351,1.772295,2.661581,1.903492,1.202222,0.500000,2.966897,2.765809,1.983807,1.594115,2.211381,1.708300,2.138796,2.363601,2.190008,0.500000,4.039730,1.233688,3.325509,0.711065,3.246433,1.178097,4.526443,1.215753,0.964015,0.869259,0.938447,3.922001,0.843693,1.072559,1.254757,3.968543,1.395028,3.568973,0.500000,2.387857,2.902784,1.245359,2.934619,0.896481,1.068070,2.458556,1.872075,2.770198,1.696278,2.783838,1.124462,0.500000,4.435304,1.460117,2.387020,1.725110,2.412884,0.580633,2.607672,2.286681,3.584827,1.620440,2.457950,1.451603,1.254836,1.630344,0.911030,2.637150,3.191855,2.243915,1.062097,1.953952,1.323267,1.661251,1.743985,2.483133,2.380407,2.407957,2.419297,1.976477,3.898311,1.456766,1.436262,0.812887,1.069231,2.691084,2.690006,2.407382,0.500000,2.642297,2.420724,2.270204,2.332690,1.113170,2.142658,1.720554,1.818109,2.321736,0.500000,1.620556,3.110179,2.629420,0.707084,5.291542,0.500000,1.501404,0.779448,3.220522,0.500000,1.399234,2.290962,2.960281,0.653012,4.196511,2.636463,4.683930,16.861095,9.387353,10.584039,15.847121,12.419280,11.319578,8.587900,5.725279,10.322228,11.625736,2.310261,0.923478,2.291303,2.170429,2.297101,2.007429,2.101519,2.214301,1.844595,1.799315,2.205119,1.835151,2.411862,0.899128,2.560376,3.063830,0.544909,2.519894,0.713665,2.369315,5.499213,0.839979,0.500000,2.077829,5.959846,14.748534,5.498331,11.435827,10.043674,12.313787,10.871635,6.946392,11.403766,9.413298,11.204243,10.160665,2.116061,2.178397,1.633943,2.499248,1.772863,1.799488,2.095187,0.500000,3.137353,2.572484,0.589622,3.105355,0.500000,2.334760,2.641103,2.101009,1.216800,3.206328,0.714263,1.016004,4.238164,2.981031,2.232758,0.817779,2.068874,21.190714,15.559139,1.768829,12.760162,6.652282,9.399862,0.989694,12.647909,13.816932,5.739793,17.405810,0.553682,0.732482,4.945189,3.150692,2.117955,0.500000,2.161602,1.828048,1.984047,2.414933,1.331591,2.279779,1.977768,1.898255,2.041065,2.085649,1.861464,2.135799,1.840518,2.093377,3.130397,0.617474,1.881912,2.436321,1.054051,2.493313,2.408190,2.423968,2.306446,1.314032,1.102605,2.568291,2.238596,2.108252,2.517231,1.465025,1.659520,0.500000,3.224611,0.849226,3.221714,2.544929,1.444350,2.976647,2.089275,0.529936,4.449813,0.509979,2.219148,2.304500,1.966699,1.743613,1.689827,2.076212,0.917113,3.851269,2.092483,1.747901,0.810541,2.580693];